14.	-2.225895818228179
14.006226900516996	-2.2565789473684235
14.010882444846468	-2.27562322584974
14.012082772855825	-2.2814867264496783
14.016269502411124	-2.302631578947371
14.01927960457021	-2.314944902528451
14.026315789473685	-2.3444883001723107
14.02693219379742	-2.347605502959783
14.02798299210466	-2.351601815130524
14.037466812615701	-2.3947368421052655
14.042176931928639	-2.413032474388043
14.046510824876856	-2.430078154060815
14.048839533593576	-2.440789473684213
14.052631578947368	-2.455646547170698
14.057878026295755	-2.4776608224034824
14.060062955493825	-2.48684210526316
14.06615247326682	-2.5092331717830647
14.066810305023221	-2.511654875895906
14.071864891953345	-2.5328947368421075
14.074148726059976	-2.541292360973988
14.078947368421051	-2.5589578078436133
14.084104734441114	-2.578947368421055
14.090215333999716	-2.6052810602373406
14.096563386519804	-2.625000000000002
14.105263157894736	-2.655047166286393
14.108055068711225	-2.6661667876500936
14.109731356591627	-2.6710526315789496
14.114976650977095	-2.688051244473077
14.123087575967658	-2.717105263157897
14.125679660274345	-2.727429015572529
14.131578947368421	-2.744623553796029
14.137169342843672	-2.7631578947368443
14.14384109268654	-2.7877517720090856
14.151685283228238	-2.8092105263157916
14.157894736842106	-2.8280975007108826
14.16315076374188	-2.846065110820135
14.166260962164532	-2.855263157894739
14.180698570799272	-2.8951698673197797
14.183209826134044	-2.9030670147917426
14.184210526315791	-2.9056383478701373
14.198812159347517	-2.9473684210526336
14.2029723467886	-2.9605878668041625
14.210526315789474	-2.9805087961023267
14.223741165166459	-3.0163476978008035
14.233901619941562	-3.0394736842105283
14.236842105263158	-3.0469151547437825
14.245387784165668	-3.0705713777100825
14.252350493276724	-3.0855263157894757
14.263157894736842	-3.111335856941518
14.267816647936138	-3.1234261292696543
14.271830769345229	-3.131578947368423
14.289473684210527	-3.171420863683587
14.29095587917227	-3.175037737764322
14.292303552313372	-3.1776315789473704
14.305002052795658	-3.2048062239713486
14.313603672694315	-3.2236842105263177
14.314578882547073	-3.225802745016312
14.315789473684212	-3.228361799512228
14.335780494183927	-3.269736842105265
14.338684556528316	-3.275723078707034
14.342105263157897	-3.282590852192626
14.35906331672906	-3.3157894736842124
14.363233759466315	-3.324867236723428
14.36842105263158	-3.3338928597598656
14.38345331962343	-3.3618421052631597
14.388909423995813	-3.372040086954699
14.394736842105264	-3.382690383355185
14.408905123093065	-3.407894736842107
14.414907247026573	-3.4186491598087656
14.421052631578949	-3.4294684012187213
14.435235522241989	-3.4539473684210544
14.44132581015055	-3.464521937499699
14.447368421052634	-3.474917145231392
14.462024410599575	-3.5000000000000018
14.467610297706734	-3.51062934743427
14.473684210526317	-3.5199993904011304
14.488652778892456	-3.546052631578949
14.494358309951526	-3.5559255891637784
14.5	-3.565813568440946
14.514572079610977	-3.5921052631578965
14.52039133848539	-3.6024730523874107
14.526315789473685	-3.61322798538609
14.539593156242113	-3.638157894736844
14.54593515027097	-3.649876644920542
14.55263157894737	-3.6624608359851645
14.563917326812387	-3.684210526315791
14.570674103913134	-3.698688739204653
14.578947368421055	-3.7128840665841047
14.58798067279256	-3.7302631578947385
14.595757349570428	-3.7468983224622825
14.611594244791501	-3.776315789473686
14.62118054093131	-3.7945130007386365
14.631578947368423	-3.8136190674165094
14.64739276540036	-3.840746871075689
14.665471802817184	-3.8684210526315805
14.674921444276075	-3.8846769462010826
14.684210526315791	-3.899166855222968
14.70676418766809	-3.9210574084229517
14.710526315789476	-3.9246260723122517
14.714681848683712	-3.921745866775442
14.723700351107015	-3.914473684210528
14.736842105263161	-3.904942846955133
14.747414843338397	-3.8959713925788653
14.750949867804719	-3.8931096370793075
14.763157894736846	-3.882959386054207
14.76852077821759	-3.8778060987228824
14.777930724904982	-3.8684210526315805
14.785481660866653	-3.861435011779797
14.78947368421053	-3.857591507725648
14.806765787884949	-3.838159871201345
14.815789473684212	-3.8284100161771826
14.817877415235252	-3.8260223187669506
14.842105263157897	-3.796793649119416
14.848530936616914	-3.7875607180269655
14.855735309905883	-3.776315789473686
14.877461548652601	-3.7460840259315216
14.886682349421465	-3.7302631578947385
14.894736842105265	-3.7178338418993007
14.904587836237306	-3.7014497660468653
14.914571062387541	-3.684210526315791
14.921052631578949	-3.6732612008646237
14.930971855579935	-3.655516536738571
14.940357102834648	-3.638157894736844
14.947368421052634	-3.6253525010835688
14.956903066414629	-3.608790892541388
14.96458333946461	-3.5921052631578965
14.973684210526319	-3.574322622097418
14.98158030849256	-3.559870803019873
15.000000000000004	-3.5213764339321205
15.00994854525954	-3.5000000000000018
15.028816543294683	-3.4583236876077943
15.044168699786058	-3.4227047753744073
15.05091296299887	-3.407894736842107
15.05167267568885	-3.4062166561396943
15.052631578947372	-3.4039918813320127
15.076998411734913	-3.358431431062408
15.090789635958256	-3.3157894736842124
15.10526315789474	-3.279589915266323
15.120159547721704	-3.249752892723505
15.127840686950925	-3.2236842105263177
15.15789473684211	-3.14117713757083
15.160082640210865	-3.1354077782637457
15.161502687622864	-3.131578947368423
15.166648448154204	-3.1162599525722583
15.180659886984476	-3.079312696959666
15.195435490425236	-3.0394736842105283
15.201022305120022	-3.02284166553898
15.210526315789478	-2.993703106079807
15.226618935721405	-2.9473684210526336
15.239169570451498	-2.9053888535532764
15.244034368240051	-2.8887293292641294
15.25553295152871	-2.855263157894739
15.25815201566249	-2.846502869514618
15.263157894736846	-2.829360211658625
15.276706056766244	-2.7868671782882903
15.284209413489908	-2.7631578947368443
15.30155189570209	-2.695968393047667
15.309474799977862	-2.6710526315789496
15.31204843077788	-2.664505806492866
15.315789473684214	-2.6465878649746863
15.335327158391458	-2.578947368421055
15.344501307024485	-2.537087813608637
15.347573468275854	-2.523325377885683
15.358197737157244	-2.48684210526316
15.368421052631582	-2.440809105308205
15.37659991257452	-2.4090498470054063
15.380462071418288	-2.3947368421052655
15.385892338850287	-2.3641620912225343
15.391387680716617	-2.3428231780961797
15.402232806613009	-2.302631578947371
15.406695241090041	-2.277506145591776
15.418761025643077	-2.214536626177258
15.419843150314904	-2.210526315789476
15.421052631578952	-2.204096179283003
15.435103080575317	-2.143009338375219
15.441342939246884	-2.1184210526315814
15.447591083031542	-2.072758079515717
15.447770006619784	-2.071665646310128
15.457306231145173	-2.0263157894736867
15.462061683170212	-2.0059763666004966
15.465990378827966	-1.9802631578947394
15.47368421052632	-1.934973614897701
15.473805903181535	-1.9344234884624198
15.473836028844518	-1.934210526315792
15.473893686887756	-1.933843942683281
15.48773211701828	-1.8666890995188294
15.491209750864295	-1.8421052631578971
15.492966651787372	-1.8297969037857904
15.497787971772787	-1.7999236809765782
15.498608763739204	-1.7960526315789496
15.498886829153856	-1.7941045825981916
15.500000000000004	-1.7872073011872354
15.507015810594572	-1.7500000000000022
15.509038688268387	-1.7341822955303314
15.511040444352966	-1.723268146038739
15.514993626463413	-1.7039473684210549
15.520126411426864	-1.668726148424051
15.522760636006668	-1.6578947368421075
15.526315789473689	-1.6309453067092945
15.535451344338885	-1.581776694698306
15.537394592405347	-1.5657894736842128
15.54082649004643	-1.540395747681917
15.546619695553533	-1.5092160461660449
15.550938593180824	-1.4736842105263182
15.552631578947373	-1.4611572586245805
15.55740001661135	-1.4359763448593288
15.559947536247206	-1.414828653672665
15.565610448155487	-1.3815789473684235
15.568930096815087	-1.3640487220579751
15.577637517825753	-1.2917659227523144
15.578181540497066	-1.2894736842105288
15.578256776574964	-1.2882651484798637
15.578947368421058	-1.2821440960872523
15.58523150522113	-1.2434210526315814
15.590038842557885	-1.2167785007920802
15.592072862182675	-1.197368421052634
15.595434623315397	-1.1685157249875415
15.598225900500136	-1.1513157894736867
15.599914751179243	-1.1419560777215607
15.603759872890254	-1.1052631578947392
15.605263157894743	-1.0923610439070641
15.609649470765808	-1.0668865738401554
15.61159683473569	-1.0481265918441327
15.619821047963525	-1.0131578947368445
15.620385088042388	-0.9935686409162761
15.627098677061282	-0.9288931046164535
15.628942661178552	-0.9210526315789497
15.631578947368427	-0.8924820241432598
15.63928658654669	-0.8424357369830167
15.640506911575297	-0.8289473684210549
15.642414356936877	-0.8099854016762646
15.64898730731388	-0.7673067351677031
15.651743515389674	-0.7368421052631602
15.656051643295338	-0.6940148873910629
15.656834218561402	-0.6889335666929738
15.65789473684211	-0.6772115573089547
15.662490816886907	-0.6447368421052655
15.66718054008185	-0.614934366195862
15.668546133531404	-0.5986842105263182
15.670628237400289	-0.5764005845495046
15.673992216164919	-0.5526315789473707
15.676198555355809	-0.5386106297673956
15.678890360686896	-0.5065789473684233
15.682994523822686	-0.46265432015241753
15.683295695929242	-0.460526315789476
15.683372823145339	-0.4590603352411778
15.684210526315795	-0.4507353834201589
15.68912386872482	-0.41447368421052866
15.689508351494926	-0.4052024901470512
15.692357385496058	-0.38267805619704054
15.694869512293215	-0.36842105263158126
15.695703607724377	-0.34830816016656324
15.696307051465292	-0.34353734006425163
15.700037078498795	-0.32236842105263364
15.700746813178055	-0.3052542914826411
15.702080379836161	-0.2910961773919924
15.704684728526367	-0.27631578947368596
15.708348329195822	-0.23407463443363988
15.708864771881293	-0.23026315789473828
15.709211433926608	-0.22796211463471291
15.71052631578948	-0.21110562950560358
15.714018076773696	-0.18421052631579063
15.71862102503845	-0.15232363592254175
15.719645727078527	-0.13815789473684298
15.721139540422763	-0.1195847516285965
15.724707171490435	-0.09210526315789531
15.72715443764145	-0.07515184481989763
15.729259376788773	-0.04605263157894766
15.73232796264505	-0.007899749581697925
15.733353578244284	0.