15.884393661480049	0.
15.884393489933771	-0.022047581743085416
15.884369330389369	-0.022866492331412986
15.884369150094413	-0.04487179487179433
15.884368978881884	-0.06687648227407665
15.884342150612651	-0.06778585181246272
15.884341970707403	-0.08974358974358866
15.884341799864952	-0.11170071386624071
15.884312012387047	-0.11271038857906561
15.884311832913927	-0.134615384615383
15.884311662481833	-0.1565197683175779
15.884278593692992	-0.1576406661654568
15.884278414699034	-0.17948717948717732
15.884278244721967	-0.2013330821096064
15.88424153745992	-0.20257730944512595
15.884241358997283	-0.22435897435897217
15.884241189524769	-0.24614003038630464
15.884200447751054	-0.2475210113074367
15.884200269877569	-0.26923076923076705
15.884200100964529	-0.2909399202776778
15.884154885532912	-0.2924725400609802
15.884154708312705	-0.31410256410256193
15.884154540020036	-0.3357319834966117
15.884104363984346	-0.33743274764276454
15.884104187488528	-0.3589743589743568
15.884104019883754	-0.38051536812991354
15.884048343294978	-0.3824025787209533
15.884048167602396	-0.4038461538461517
15.884048000760394	-0.425289129535827
15.883986224897455	-0.42738308078841303
15.883986050095537	-0.44871794871794657
15.883985884099333	-0.4700522202507672
15.883917345071907	-0.47237541535491895
15.8839171712576	-0.49358974358974145
15.883917006199258	-0.5148034787974279
15.883840967854256	-0.5173808703576015
15.883840795135061	-0.5384615384615363
15.883840631116662	-0.5595416172746819
15.883756277172631	-0.5624008739222404
15.883756105667747	-0.5833333333333313
15.883755942802487	-0.6042652075966711
15.88366236812783	-0.607437009622438
15.88366219796943	-0.6282051282051261
15.883662036382828	-0.6489726662340608
15.883558237324696	-0.6524910333997165
15.883558068659344	-0.6730769230769209
15.883557908490575	-0.6936622372944143
15.88344277215109	-0.6975648923253226
15.8834426051413	-0.7179487179487158
15.883442446544693	-0.7383319737609138
15.883314738889895	-0.7426607454042075
15.88331457371587	-0.7628205128205108
15.88331441686255	-0.7829797166889608
15.88317276953706	-0.787780986643466
15.883172606398617	-0.8076923076923056
15.883172451478337	-0.8276030721383829
15.883015347184799	-0.8329282706317166
15.883015186303508	-0.8525641025641004
15.883015033526675	-0.8721993855947683
15.882840789813816	-0.8781055409027309
15.882840631435363	-0.8974358974358954
15.882840481035284	-0.9167657136066291
15.882647232321332	-0.9233160613863712
15.882647076718143	-0.9423076923076903
15.882646928953523	-0.961298792335343
15.882432606592923	-0.9685634512828826
15.882432454067077	-0.9871794871794851
15.88243230922478	-1.0057950026818367
15.882194619405219	-1.0138517237331612
15.882194470291678	-1.03205128205128
15.88219432868979	-1.0502503316173974
15.881930727923375	-1.0591853286981825
15.88193058259356	-1.0769230769230749
15.88193044458479	-1.0946603293054447
15.881638112531508	-1.1045692005057441
15.881637971397268	-1.1217948717948698
15.88163783737272	-1.139020061556115
15.881313646705786	-1.150008810572553
15.881313510223798	-1.1666666666666647
15.881313380617142	-1.1833240571056503
15.880953863608287	-1.19551022586497
15.880953732284937	-1.2115384615384595
15.880953607577052	-1.2275662491572856
15.88055491904469	-1.2410801737230628
15.880554793441481	-1.2564102564102544
15.880554674165582	-1.2717399105590106
15.880112550389986	-1.2867261137405877
15.880112431129543	-1.3012820512820493
15.880112317876891	-1.3158375819255947
15.879622031043393	-1.332456317468921
15.879621918816108	-1.346153846153844
15.879621812242318	-1.359850991936885
15.879078119925765	-1.3782799567965627
15.879078015497182	-1.391025641025639
15.879077916329228	-1.403770968960774
15.87847500547996	-1.4242072019485192
15.878474909698944	-1.435897435897434
15.878474818742934	-1.4475873430565545
15.877806243575758	-1.4702493301526665
15.877806157383576	-1.4807692307692288
15.87780607553336	-1.4912888373115945
15.877064688655922	-1.5164188461341723
15.877064613096296	-1.5256410256410238
15.877064541343014	-1.5348629473502848
15.876242417387664	-1.5627296157254202
15.876242353617917	-1.5705128205128185
15.876242293060596	-1.5782958077278482
15.875330644003766	-1.6091970140190373
15.875330593307197	-1.6153846153846134
15.87533054516449	-1.6215720437814547
15.874319626428816	-1.6558380896469935
15.874319590228408	-1.6602564102564084
15.87431955585161	-1.664674607355713
15.873198562187518	-1.7026717469410604
15.873198542061141	-1.705128205128203
15.872594200230825	-1.7065270298911326
15.872252783211941	-1.7267627575842186
15.872593057242915	-1.7275641025641004
15.871955472982881	-1.749718947920971
15.87195547068015	-1.749999999999998
15.871955468493422	-1.7502810442224714
15.871794871794865	-1.7555805070655173
15.871533808343253	-1.7724358974358956
15.871218639920954	-1.7938633890924478
15.871192108206788	-1.794871794871793
15.871121212509887	-1.7960506986205034
15.870495422389121	-1.837469553283537
15.870391306614222	-1.8397435897435879
15.870275715710015	-1.842402112892076
15.869693484486453	-1.8809379568256606
15.869525115047047	-1.8846153846153828
15.869338188755039	-1.8889145799350795
15.868804257702765	-1.9242536048260004
15.868564640752501	-1.9294871794871775
15.868298614398945	-1.9356056299300386
15.86781824086755	-1.9673998702361695
15.867499621297862	-1.9743589743589725
15.867145885044218	-1.982494701172604
15.866724898632294	-2.0103583161962675
15.866318677210966	-2.0192307692307674
15.865867684059886	-2.0296033477669817
15.865512548902856	-2.0531084990415462
15.865009190393334	-2.064102564102562
15.864450354181322	-2.0769554699262627
15.864168238019152	-2.095627749866859
15.86355716929887	-2.108974358974357
15.862878751585727	-2.1245775693403472
15.862677602348468	-2.1378909323149555
15.861947099437627	-2.153846153846152
15.861136084084086	-2.172499032340015
15.861024714813556	-2.179870174000657
15.860161777607269	-2.198717948717947
15.859203731700735	-2.2207524438826747
15.859191914715726	-2.2215345687012475
15.858974358974352	-2.226286295213877
15.858230591176874	-2.243589743589742
15.85742541446018	-2.263314988125835
15.85698443930974	-2.269508000438713
15.8561697444048	-2.2884615384615365
15.85550196777682	-2.304820751301754
15.85451339896967	-2.3187041159056263
15.85388457975464	-2.3333333333333313
15.853369158862135	-2.345960130572847
15.851773392235174	-2.3683709225627907
15.851350680801495	-2.378205128205126
15.851004199174962	-2.38669324599209
15.848735142805024	-2.418559653937349
15.848540973455332	-2.4230769230769207
15.848294548702558	-2.4268231525371786
15.847101361565095	-2.443854668543121
15.847023433717583	-2.445512820512818
15.84615384615384	-2.4580086231697202
15.845574924186469	-2.4669356045058177
15.84547504616674	-2.4679487179487154
15.84534204199312	-2.4693693752299732
15.84282924924003	-2.507002468221343
15.842391944089263	-2.5128205128205106
15.841491867926266	-2.520978974718766
15.839784714627624	-2.5465463275214293
15.838685885631502	-2.5576923076923057
15.837222612300968	-2.573321966934832
15.836408790242201	-2.585510254718733
15.834727532764559	-2.6025641025641004
15.833333333333327	-2.617455962869043
15.83276203696134	-2.62400023134902
15.83246307823354	-2.626522946424625
15.830891185643328	-2.647435897435895
15.829211712842648	-2.662658959013105
15.827054873627862	-2.6808590993563555
15.826194356218394	-2.69230769230769
15.825274945062242	-2.7006414102691894
15.821057999841218	-2.736225423354779
15.82098628897383	-2.7371794871794846
15.82090967022008	-2.737873974167201
15.820512820512814	-2.7412227265071603
15.815898207002178	-2.7820512820512793
15.812715338610534	-2.8132774835940837
15.80642981989644	-2.8515683280017274
15.804143731617847	-2.871794871794869
15.802195535050464	-2.88461141710755
15.797931254567354	-2.9113126121994233
15.797290401063135	-2.9166666666666643
15.794871794871788	-2.9319721337202185
15.791335560385306	-2.9553500511871156
15.790353026616128	-2.961538461538459
15.788127340609325	-2.9733412564977693
15.785583829361858	-2.990156316767875
15.783003191738603	-3.0064102564102537
15.779585955537682	-3.0245318324473613
15.777016627020904	-3.0376568001493007
15.774853346211875	-3.0512820512820484
15.769230769230763	-3.0802755826844805
15.767155483685462	-3.0925220964495677
15.766247172071388	-3.096153846153843
15.764301514020529	-3.1047800427717536
15.757490803000476	-3.141025641025638
15.754311288533955	-3.159788344678018
15.747781325645933	-3.1858974358974326
15.743589743589737	-3.2044810770161067
15.739732519775638	-3.2240190890945546
15.737834995112257	-3.2307692307692277
15.733245982026409	-3.248870813505053
15.724962523027186	-3.2879151845283534
15.717626778154088	-3.3205128205128176
15.7094124051734	-3.3504460680278165
15.692319019550435	-3.410236587581595
15.692314134952234	-3.410256410256407
15.692312330989905	-3.410264527950291
15.692307692307686	-3.410279558681102
15.680158742851184	-3.4551282051282017
15.676118081432683	-3.471668180968742
15.668333879486754	-3.4999999999999964
15.658572853288216	-3.5307076214595123
15.641025641025635	-3.5842837013376956
15.639939610383252	-3.587843036119414
15.639341955306095	-3.5897435897435863
15.636630423825684	-3.597435219843502
15.621839352935815	-3.6459111753299904
15.611280919277377	-3.679487179487176
15.603063498110332	-3.7027970191289845
15.589743589743584	-3.7397342845598356
15.58347169193044	-3.758254948057764
15.57966826831925	-3.7692307692307656
15.563198323101572	-3.8125201423508353
15.55939687675537	-3.82233751696014
15.546701204353283	-3.858974358974355
15.543407886821955	-3.8676304686050944
15.538461538461533	-3.880404594656063
15.523219817589544	-3.922044937191964
15.513278928660979	-3.948717948717945
15.502481839074488	-3.975497064534206
15.487179487179482	-4.012924255356031
15.481272334661359	-4.028124021554819
15.477196142940405	-4.038461538461535
15.459655644671606	-4.080038403816342
15.448555506016387	-4.10605350549695
15.4395953665092	-4.128205128205124
15.438154508856842	-4.132155005884093
15.43589743589743	-4.1369913503239575
15.420981874988444	-4.173076923076919
15.41674749682088	-4.18443632456475
15.410256410256405	-4.198086333838817
15.401884764262052	-4.217948717948714
15.394986200744476	-4.236097646174635
15.38461538461538	-4.257539085586855
15.382349536535214	-4.262820512820509
15.372912306173072	-4.287211920418265
15.364146777991671	-4.307692307692304
15.350560796399245	-4.337840368057656
15.343224706064705	-4.352564102564099
15.333333333333329	-4.374577226040561
15.327961106154211	-4.388034499872437
15.32321474192269	-4.397435897435894
15.307692307692303	-4.431528721643054
15.304985285646085	-4.4375704037268076
15.302853260831833	-4.442307692307689
15.293576477382715	-4.462476784137704
15.282667001890278	-4.486101977461232
15.282182066801845	-4.487179487179484
15.282123742455768	-4.487306292887343
15.282051282051277	-4.487463210703015
15.270769659391545	-4.5123084423967486
15.26176527280073	-4.532051282051278
15.259361605967522	-4.537216143776502
15.256410256410252	-4.543243899808794
15.251213691571621	-4.554487179487175
15.247901654164746	-4.562033022993437
15.24358974358974	-4.570788364910854
15.240736886012428	-4.576923076923073
15.23623919325272	-4.586495511269188
15.230769230769226	-4.598113177522326
15.230186360658168	-4.599358974358971
15.224833285237843	-4.611406967114948
15.219658389968645	-4.621794871794869
15.217948717948714	-4.625408763153845
15.21322798926988	-4.635969494042809
15.209089061713556	-4.6442307692307665
15.2051282051282	-4.652555769940372
15.201577051232032	-4.660452147348368
15.198445810685287	-4.666666666666663
15.192307692307688	-4.679494764623257
15.189881565840517	-4.6848568427850115
15.18773006824574	-4.68910256410256
15.179487179487175	-4.706231325344673
15.178142450690396	-4.709185186144096
15.17694304063581	-4.711538461538458
15.166666666666663	-4.732769970751706
15.166351529784784	-4.733422869431068
15.165979191211779	-4.733974358974356
15.15384615384615	-4.75522906480981
15.153292760893878	-4.75544181874378
15.150915129935397	-4.756410256410254
15.141025641025637	-4.7605563627830385
15.137928032772336	-4.761831070853529
15.13262939543863	-4.764152724068891
15.128205128205124	-4.766038134475692
15.124495719261699	-4.767628205128203
15.122337384998488	-4.768577603234537
15.120901651613488	-4.7691913404456185
15.115384615384611	-4.771694870645142
15.112075480350695	-4.773055167536798
15.10387184566453	-4.776557603420398
15.102564102564099	-4.777150311113582
15.098557131340865	-4.7788461538461515
15.091532507166399	-4.781976759336075
15.089743589743586	-4.782724285688136
15.086822091126677	-4.783958776425742
15.076923076923073	-4.788307737803
15.07101004614772	-4.790934247425179
15.06410256410256	-4.7938112333750045
15.052841758662506	-4.798552563366247
15.051282051282048	-4.799235381243354
15.050348567668589	-4.799648454958495
15.046437554125994	-4.801282051282048
15.029809408530202	-4.808576721338113
15.025641025641022	-4.81053588150947
15.01886599083033	-4.813138362200759
15.009190621805802	-4.817365639442207
14.999999999999996	-4.821669333683632
14.988517641055587	-4.826059718001126
14.985011221351265	-4.827512413917328
14.974358974358971	-4.832482643592332
14.96814742992655	-4.835283643397105
14.948717948717945	-4.842990093482444
14.94091589081522	-4.846153846153843
14.926723481860094	-4.852535324024397
14.92307692307692	-4.853977634659672
14.917260424499778	-4.856332718663842
14.885608585643677	-4.87032784538926
14.871794871794869	-4.877316147997182
14.849738946916759	-4.884751714690536
14.844022207990852	-4.887295274240404
14.834677185889054	-4.891025641025638
14.820512820512818	-4.897295245137955
14.815915595798831	-4.899070784275115
14.802777084808273	-4.904859898414479
14.794871794871792	-4.908609980403624
14.782137902179539	-4.9136131236859875
14.781908664343087	-4.913711119450872
14.769230769230766	-4.9193915322975235
14.761757948641785	-4.9228199998667135
14.747504320856853	-4.929046925679986
14.743589743589741	-4.930840730642146
14.741312574271621	-4.931912389590723
14.732275063830885	-4.935897435897433
14.730769230769228	-4.936596629242269
14.730235695604945	-4.936831122434928
14.72096070949446	-4.941168421102484
14.717948717948715	-4.942545000113027
14.712785127025715	-4.944933720012685
14.710794171919254	-4.94581287778177
14.705128205128203	-4.948118276687524
14.699484712412454	-4.948457221080774
14.697875662791168	-4.948589384987241
14.69230769230769	-4.949181136730987
14.684335889579033	-4.949848090672583
14.679487179487177	-4.95027418132069
14.675108181824958	-4.950670087424447
14.666666666666664	-4.9513929800322645
14.657345369161858	-4.952209706530846
14.653846153846152	-4.952531706270678
14.650699628385553	-4.952826913777284
14.641025641025639	-4.953686511116312
14.630310947672506	-4.954648149265417
14.628205128205126	-4.9548466260427455
14.626314466745216	-4.955024675778486
14.615384615384613	-4.956518636902177
14.603002999027927	-4.957565264521635
14.589743589743588	-4.958801591695733
14.577764534721005	-4.9598058844797075
14.564102564102562	-4.9608339996576385
14.549358927235541	-4.961698800414719
14.538461538461537	-4.962404994568949
14.528174291660696	-4.962766548867755
14.512820512820511	-4.96325224261811
14.497247565470191	-4.963150093760492
14.476689185820263	-4.962411203390588
14.46153846153846	-4.962864719713936
14.447832195913342	-4.95988340074139
14.421188452573531	-4.955028509952399
14.410256410256409	-4.953702065480339
14.401967343045213	-4.950403303517026
14.384615384615383	-4.944670314087942
14.365098222316501	-4.935897435897433
14.360145893794266	-4.933847249962592
14.358974358974358	-4.933350783726452
14.356796499407693	-4.9320861816557695
14.340632392931985	-4.923124081599791
14.333333333333332	-4.918420422450088
14.326495421032655	-4.913461538461535
14.322202318661473	-4.9105049167013926
14.31594482153772	-4.905467540255111
14.307692307692307	-4.899014535648784
14.304751216094772	-4.896172551321323
14.29988130093225	-4.891025641025638
14.288308195338605	-4.8800760427728225
14.282051282051281	-4.8731162245139155
14.278354986432593	-4.868589743589741
14.272873456262529	-4.86221504128416
14.269230769230768	-4.857591302792511
14.26034858538477	-4.846153846153843
14.258030247198674	-4.843318862274113
14.256410256410255	-4.84128172361974
14.245260447232388	-4.826641680092574
14.24333019411437	-4.824172160299849
14.23076923076923	-4.808004422881683
14.22859504791121	-4.805086871283583
14.225779470972018	-4.801282051282048
14.213969087531394	-4.7858105070764685
14.205128205128204	-4.774139924509994
14.199452962018881	-4.766341931851568
14.192286660455247	-4.756410256410254
14.185047459070988	-4.746679767138586
14.179487179487179	-4.739135517473056
14.17075352262202	-4.726822361052486
14.160023537443866	-4.711538461538458
14.156572256844395	-4.706767781291536
14.153846153846153	-4.702956962364289
14.142504930623126	-4.686513807306961
14.12898019171089	-4.666666666666663
14.128552995791077	-4.666057898391252
14.128205128205128	-4.665555590654568
14.123853933590617	-4.659052076091268
14.114656838809804	-4.645504378236685
14.102564102564102	-4.627416746696181
14.100857884294584	-4.624780753766525
14.098955927484438	-4.621794871794869
14.087190303328525	-4.603827225585335
14.076923076923077	-4.587870556340948
14.073656678782593	-4.58263927366892
14.07015185987168	-4.576923076923073
14.060259906672433	-4.561211829989905
14.051282051282051	-4.546665735212796
14.04700317728348	-4.539539311548776
14.042598335450961	-4.532051282051278
14.033890027523645	-4.517615528756695
14.029412220264494	-4.5096153846153815
14.025641025641026	-4.503216924540013
14.020924382552636	-4.495433612584165
14.016411749242515	-4.487179487179484
14.012820512820513	-4.480941433357394
14.008110603161517	-4.472985931646828
14.	-4.458541136241378